1 -1 #SUP: 4
1 2 -1 #SUP: 2
2 -1 #SUP: 4
2 3 -1 #SUP: 2
3 -1 #SUP: 4
4 -1 #SUP: 3
5 -1 #SUP: 3
6 -1 #SUP: 3
1 2 -13 -1 #SUP: 2
1 2 -14 -1 #SUP: 2
1 2 -16 -1 #SUP: 2
1 -11 -1 #SUP: 2
1 -12 -1 #SUP: 4
1 -13 -1 #SUP: 4
1 -14 -1 #SUP: 2
1 -16 -1 #SUP: 2
2 3 -11 -1 #SUP: 2
2 -11 -1 #SUP: 2
2 -13 -1 #SUP: 3
2 -14 -1 #SUP: 2
2 -16 -1 #SUP: 2
3 -11 -1 #SUP: 2
3 -12 -1 #SUP: 3
3 -13 -1 #SUP: 3
4 -12 -1 #SUP: 2
4 -13 -1 #SUP: 3
5 -11 -1 #SUP: 2
5 -12 -1 #SUP: 2
5 -13 -1 #SUP: 2
5 -16 -1 #SUP: 2
6 -12 -1 #SUP: 2
6 -13 -1 #SUP: 2
1 2 -14 -13 -1 #SUP: 2
1 -12 -11 -1 #SUP: 2
1 -12 -13 -1 #SUP: 2
1 -13 -11 -1 #SUP: 2
1 -13 -12 -1 #SUP: 3
1 -13 -13 -1 #SUP: 3
1 -14 -13 -1 #SUP: 2
2 -14 -13 -1 #SUP: 2
4 -13 -12 -1 #SUP: 2
5 -11 -12 -1 #SUP: 2
5 -11 -13 -1 #SUP: 2
5 -12 -13 -1 #SUP: 2
5 -13 -12 -1 #SUP: 2
5 -16 -12 -1 #SUP: 2
5 -16 -13 -1 #SUP: 2
6 -12 -13 -1 #SUP: 2
6 -13 -12 -1 #SUP: 2
5 -11 -13 -12 -1 #SUP: 2
5 -16 -13 -12 -1 #SUP: 2

